PRUEBA CON 4 REDES:
    /home/cj/Dropbox/Personal/Study/MasterURV/2nd_Semester/CN/Activity_4/output/nets/erdos_renyi_[n=30,p=0.1].net
    /home/cj/Dropbox/Personal/Study/MasterURV/2nd_Semester/CN/Activity_4/output/nets/erdos_renyi_[n=30,p=0.07].net
    /home/cj/Dropbox/Personal/Study/MasterURV/2nd_Semester/CN/Activity_4/output/nets/erdos_renyi_[n=50,p=0.1].net
    /home/cj/Dropbox/Personal/Study/MasterURV/2nd_Semester/CN/Activity_4/output/nets/erdos_renyi_[n=50,p=0.07].net
    
===========================
../../output/nets/erdos_renyi_[n=30,p=0.1].net
n_vertices = 30, n_edges = 31
[0.0, 0.0, 0.0, 0.0, 0.0, 0.0, 0.0, 0.0, 0.0, 0.0, 0.0, 0.0, 0.0, 0.0, 0.0, 0.0, 0.0, 0.0, 0.0, 0.0, 0.0, 0.0, 0.0, 0.0, 0.0, 0.0, 0.0, 0.0, 0.0, 0.0, 0.0, 0.0, 0.043299999999999964, 0.10096666666666658, 0.18853333333333328, 0.18483333333333324, 0.1777999999999999, 0.18436666666666662, 0.2383, 0.2443666666666667, 0.23176666666666676, 0.2354666666666667, 0.26970000000000005, 0.27456666666666674, 0.27523333333333333, 0.28456666666666675, 0.29290000000000005, 0.29773333333333335, 0.30043333333333333, 0.30979999999999996, 0.3100333333333333]

===========================
../../output/nets/erdos_renyi_[n=50,p=0.1].net
n_vertices = 50, n_edges = 147
[0.0, 0.0, 0.0, 0.0, 0.0, 0.0, 0.0, 0.0, 0.0, 0.0, 0.0, 0.0, 0.018560000000000007, 0.21839999999999998, 0.25058, 0.28024000000000016, 0.3078800000000002, 0.31724000000000013, 0.33702, 0.35152, 0.36579999999999996, 0.37736, 0.39083999999999997, 0.39748, 0.40706000000000014, 0.4155200000000002, 0.4225600000000001, 0.4298000000000002, 0.43434000000000017, 0.43906000000000034, 0.44352000000000025, 0.44738000000000017, 0.45184000000000013, 0.4549600000000001, 0.45976, 0.4606000000000002, 0.46503999999999995, 0.46751999999999994, 0.4682799999999999, 0.4708199999999998, 0.4735599999999997, 0.47473999999999983, 0.4765399999999997, 0.4782599999999996, 0.47913999999999957, 0.4805999999999996, 0.48307999999999957, 0.48323999999999956, 0.48445999999999945, 0.48573999999999956, 0.48679999999999957]

===========================
../../output/nets/erdos_renyi_[n=50,p=0.07].net
n_vertices = 50, n_edges = 90
[0.0, 0.0, 0.0, 0.0, 0.0, 0.0, 0.0, 0.0, 0.0, 0.0, 0.0, 0.0, 0.0, 0.0, 0.0, 0.0, 0.0, 0.0, 0.0, 0.03687999999999998, 0.15253999999999998, 0.2150599999999999, 0.21145999999999998, 0.2503, 0.26490000000000014, 0.2791800000000002, 0.2981400000000002, 0.3152000000000002, 0.3261, 0.33130000000000004, 0.34314000000000006, 0.3507799999999999, 0.3601399999999999, 0.3694, 0.37581999999999993, 0.38443999999999995, 0.3915, 0.39504, 0.40166, 0.40578000000000014, 0.4142800000000001, 0.4177600000000002, 0.4227000000000003, 0.42450000000000027, 0.4304800000000003, 0.4331800000000003, 0.43532000000000026, 0.4395600000000003, 0.4441600000000002, 0.44498000000000015, 0.4518200000000002]

===========================
../../output/nets/erdos_renyi_[n=30,p=0.07].net
n_vertices = 30, n_edges = 25
[0.0, 0.0, 0.0, 0.0, 0.0, 0.0, 0.0, 0.0, 0.0, 0.0, 0.0, 0.0, 0.0, 0.0, 0.0, 0.0, 0.0, 0.0, 0.0, 0.0, 0.0, 0.0, 0.0, 0.0, 0.0, 0.0, 0.0, 0.0, 0.0, 0.0, 0.0, 0.0, 0.0, 0.0, 0.0, 0.0, 0.0, 0.0, 0.0, 0.0, 0.0, 0.0, 0.0, 0.04709999999999994, 0.0, 0.12659999999999993, 0.10373333333333327, 0.2056666666666666, 0.23746666666666663, 0.21806666666666663, 0.227]
Execution time = 65.540858

