===========================
../../output/nets/erdos_renyi_[n=30,p=0.1].net
n_vertices = 30, n_edges = 31
monte carlo cpp = [  0.00000000e+00   0.00000000e+00   0.00000000e+00   0.00000000e+00
   0.00000000e+00   0.00000000e+00   0.00000000e+00   0.00000000e+00
   0.00000000e+00   0.00000000e+00   0.00000000e+00   0.00000000e+00
   0.00000000e+00   0.00000000e+00   0.00000000e+00   0.00000000e+00
   0.00000000e+00   0.00000000e+00   0.00000000e+00   0.00000000e+00
   0.00000000e+00   0.00000000e+00   0.00000000e+00   0.00000000e+00
   0.00000000e+00   0.00000000e+00   0.00000000e+00   0.00000000e+00
   0.00000000e+00   0.00000000e+00   0.00000000e+00   0.00000000e+00
   0.00000000e+00   0.00000000e+00   0.00000000e+00   0.00000000e+00
   0.00000000e+00   0.00000000e+00   0.00000000e+00   0.00000000e+00
   0.00000000e+00   2.66400275e-06   0.00000000e+00   0.00000000e+00
   0.00000000e+00   0.00000000e+00   4.16250441e-05   5.09490528e-05
   9.65701020e-06   4.06260406e-05   4.12920454e-05   1.34865142e-04
   3.28005350e-04   6.14718650e-04   9.60372970e-04   1.95071602e-03
   2.82550789e-03   4.24342323e-03   7.40659377e-03   1.01704961e-02
   1.86033975e-02   2.56007332e-02   3.73849496e-02   3.92673984e-02
   6.63693026e-02   8.27139542e-02   9.34255794e-02   1.19179159e-01
   1.28559113e-01   1.52982682e-01   1.63226783e-01   1.77160516e-01
   1.76132873e-01   1.92008659e-01   1.97490841e-01   2.05359653e-01
   2.04493508e-01   2.16681987e-01   2.21821189e-01   2.24610403e-01
   2.26488858e-01   2.29458883e-01   2.34481528e-01   2.37835512e-01
   2.38348991e-01   2.43399605e-01   2.45855153e-01   2.48712629e-01
   2.51455873e-01   2.51716286e-01   2.56787896e-01   2.59498507e-01
   2.61919409e-01   2.64233768e-01   2.66784549e-01   2.69103587e-01
   2.71053284e-01   2.73870140e-01   2.76257426e-01   2.78516829e-01
   2.80728936e-01]

===========================
../../output/nets/erdos_renyi_[n=50,p=0.1].net
n_vertices = 50, n_edges = 147
monte carlo cpp = [  0.00000000e+00   0.00000000e+00   0.00000000e+00   0.00000000e+00
   0.00000000e+00   0.00000000e+00   0.00000000e+00   0.00000000e+00
   0.00000000e+00   0.00000000e+00   0.00000000e+00   0.00000000e+00
   0.00000000e+00   0.00000000e+00   0.00000000e+00   0.00000000e+00
   0.00000000e+00   0.00000000e+00   0.00000000e+00   8.99100814e-06
   1.69830164e-05   1.46113883e-03   7.15104910e-03   2.26107892e-02
   7.85528496e-02   1.35975823e-01   1.82866931e-01   2.08445758e-01
   2.21895501e-01   2.37602800e-01   2.49474332e-01   2.60314494e-01
   2.70378023e-01   2.78990626e-01   2.88286120e-01   2.96212375e-01
   3.03633571e-01   3.11006606e-01   3.17612201e-01   3.23898315e-01
   3.29602808e-01   3.35367829e-01   3.40743452e-01   3.45672727e-01
   3.50268930e-01   3.54610980e-01   3.58702302e-01   3.62438768e-01
   3.66613179e-01   3.70007992e-01   3.73044342e-01   3.76731455e-01
   3.79625380e-01   3.82476509e-01   3.84916276e-01   3.88152629e-01
   3.90420377e-01   3.92816782e-01   3.94953042e-01   3.97121072e-01
   3.99315476e-01   4.01245743e-01   4.03112888e-01   4.04985219e-01
   4.06754047e-01   4.08398986e-01   4.09909278e-01   4.11593199e-01
   4.12912697e-01   4.14331079e-01   4.15716678e-01   4.16936457e-01
   4.18086320e-01   4.19134051e-01   4.20334876e-01   4.21348840e-01
   4.22358036e-01   4.23350245e-01   4.24226165e-01   4.25065517e-01
   4.25926656e-01   4.26751435e-01   4.27578419e-01   4.28308278e-01
   4.28957254e-01   4.29733872e-01   4.30436373e-01   4.31111485e-01
   4.31742042e-01   4.32340860e-01   4.32864726e-01   4.33476508e-01
   4.33995396e-01   4.34547633e-01   4.35136467e-01   4.35626358e-01
   4.36081916e-01   4.36633348e-01   4.37136263e-01   4.37453151e-01
   4.37984616e-01]

===========================
../../output/nets/erdos_renyi_[n=50,p=0.07].net
n_vertices = 50, n_edges = 90
monte carlo cpp = [  0.00000000e+00   0.00000000e+00   0.00000000e+00   0.00000000e+00
   0.00000000e+00   0.00000000e+00   0.00000000e+00   0.00000000e+00
   0.00000000e+00   0.00000000e+00   0.00000000e+00   0.00000000e+00
   0.00000000e+00   0.00000000e+00   0.00000000e+00   0.00000000e+00
   0.00000000e+00   0.00000000e+00   0.00000000e+00   0.00000000e+00
   0.00000000e+00   0.00000000e+00   0.00000000e+00   0.00000000e+00
   0.00000000e+00   0.00000000e+00   0.00000000e+00   0.00000000e+00
   0.00000000e+00   0.00000000e+00   0.00000000e+00   4.93506486e-05
   2.64935050e-04   5.21478534e-04   1.55684317e-03   5.77782234e-03
   1.63866132e-02   2.70289704e-02   6.09050952e-02   1.02539860e-01
   1.39571622e-01   1.65600196e-01   1.84582219e-01   1.98340461e-01
   2.11368829e-01   2.20143259e-01   2.27560446e-01   2.35820979e-01
   2.42716476e-01   2.49370024e-01   2.56043762e-01   2.62189627e-01
   2.68078327e-01   2.73857951e-01   2.79009789e-01   2.84287125e-01
   2.89500892e-01   2.94886112e-01   2.98930287e-01   3.04210007e-01
   3.08493912e-01   3.13155234e-01   3.17102313e-01   3.21355641e-01
   3.25293303e-01   3.29101503e-01   3.32248151e-01   3.35777014e-01
   3.39172035e-01   3.42298716e-01   3.45641553e-01   3.48576814e-01
   3.51310492e-01   3.54077935e-01   3.56555641e-01   3.59313071e-01
   3.61687720e-01   3.64206791e-01   3.66355836e-01   3.68542254e-01
   3.70853335e-01   3.72974634e-01   3.75035375e-01   3.77014786e-01
   3.79094094e-01   3.81142855e-01   3.83006394e-01   3.84717077e-01
   3.86441171e-01   3.87913495e-01   3.89935851e-01   3.91579032e-01
   3.92976016e-01   3.94467145e-01   3.96095306e-01   3.97617579e-01
   3.99015993e-01   4.00489300e-01   4.01892513e-01   4.03151661e-01
   4.04487103e-01]

===========================
../../output/nets/erdos_renyi_[n=30,p=0.07].net
n_vertices = 30, n_edges = 25
monte carlo cpp = [  0.00000000e+00   0.00000000e+00   0.00000000e+00   0.00000000e+00
   0.00000000e+00   0.00000000e+00   0.00000000e+00   0.00000000e+00
   0.00000000e+00   0.00000000e+00   0.00000000e+00   0.00000000e+00
   0.00000000e+00   0.00000000e+00   0.00000000e+00   0.00000000e+00
   0.00000000e+00   0.00000000e+00   0.00000000e+00   0.00000000e+00
   0.00000000e+00   0.00000000e+00   0.00000000e+00   0.00000000e+00
   0.00000000e+00   0.00000000e+00   0.00000000e+00   0.00000000e+00
   0.00000000e+00   0.00000000e+00   0.00000000e+00   0.00000000e+00
   0.00000000e+00   0.00000000e+00   0.00000000e+00   0.00000000e+00
   0.00000000e+00   0.00000000e+00   0.00000000e+00   0.00000000e+00
   0.00000000e+00   0.00000000e+00   0.00000000e+00   0.00000000e+00
   0.00000000e+00   0.00000000e+00   0.00000000e+00   0.00000000e+00
   0.00000000e+00   0.00000000e+00   0.00000000e+00   0.00000000e+00
   0.00000000e+00   0.00000000e+00   0.00000000e+00   0.00000000e+00
   0.00000000e+00   0.00000000e+00   0.00000000e+00   0.00000000e+00
   0.00000000e+00   0.00000000e+00   0.00000000e+00   0.00000000e+00
   0.00000000e+00   0.00000000e+00   1.66500172e-06   1.56510159e-05
   6.29370625e-05   3.99600431e-05   5.89410593e-05   2.63736263e-04
   2.07792211e-04   6.82317710e-04   5.27139578e-04   1.23609731e-03
   1.47152855e-03   1.92340999e-03   4.64135874e-03   7.97402579e-03
   6.91342028e-03   1.25351315e-02   1.68884452e-02   2.38268413e-02
   3.63346674e-02   4.85124886e-02   6.30965754e-02   7.79753625e-02
   1.03442892e-01   1.16236433e-01   1.15844823e-01   1.38775900e-01
   1.50663674e-01   1.58010662e-01   1.67565435e-01   1.78828180e-01
   1.95176169e-01   2.00885460e-01   2.05535471e-01   2.13332012e-01
   2.19181165e-01]
Execution time = 105.414863

